tanggal,positif,negatif,inconclusive,jumlah_sampel
7/15/2020 0:00,53,640,1,694
7/16/2020 0:00,36,1033,0,1069
7/17/2020 0:00,60,685,1,746
7/18/2020 0:00,54,1830,0,1884
7/19/2020 0:00,3,531,15,549
7/20/2020 0:00,7,542,0,549
7/21/2020 0:00,56,3001,2,3059
7/22/2020 0:00,75,1665,5,1745
7/23/2020 0:00,102,1090,0,1192
7/24/2020 0:00,58,671,0,729
7/25/2020 0:00,60,777,0,837
7/26/2020 0:00,17,453,0,470
7/27/2020 0:00,31,426,6,463
7/28/2020 0:00,170,660,1,831
7/29/2020 0:00,96,1365,2,1463
7/30/2020 0:00,87,1247,2,1336
7/31/2020 0:00,93,1217,2,1312
8/1/2020 0:00,28,233,0,261
8/2/2020 0:00,86,577,0,663
8/3/2020 0:00,22,297,5,324
8/4/2020 0:00,208,1698,2,1908
8/5/2020 0:00,132,862,9,1003
8/6/2020 0:00,112,1094,6,1212
8/7/2020 0:00,159,869,5,1033
8/8/2020 0:00,231,1012,8,1251
8/9/2020 0:00,203,287,2,492
8/10/2020 0:00,24,180,1,205
8/11/2020 0:00,118,901,1,1020
8/12/2020 0:00,148,831,2,981
8/13/2020 0:00,171,1220,-6,1385
8/14/2020 0:00,406,1086,6,1498
8/15/2020 0:00,219,997,0,1216
8/16/2020 0:00,65,364,-6,423
8/17/2020 0:00,40,376,2,418
8/18/2020 0:00,35,121,-1,155
8/19/2020 0:00,179,1251,9,1439
8/20/2020 0:00,217,946,12,1175
8/21/2020 0:00,48,498,1,547
8/22/2020 0:00,86,973,2,1061
8/23/2020 0:00,39,580,8,627
8/24/2020 0:00,43,274,3,320
8/25/2020 0:00,232,1935,8,2175
8/26/2020 0:00,194,1287,3,1484
8/27/2020 0:00,111,1157,1,1269
8/28/2020 0:00,335,1380,10,1725
8/29/2020 0:00,231,990,7,1228
8/30/2020 0:00,184,739,1,924
8/31/2020 0:00,55,476,4,535
9/1/2020 0:00,253,1884,5,2142
9/2/2020 0:00,236,1685,11,1932
9/3/2020 0:00,395,1421,11,1827
9/4/2020 0:00,244,1264,7,1515
9/5/2020 0:00,217,956,16,1189
9/6/2020 0:00,171,716,5,892
9/7/2020 0:00,208,825,10,1043
9/8/2020 0:00,370,1209,20,1599
9/9/2020 0:00,347,1325,20,1692
9/10/2020 0:00,357,1298,10,1665
9/11/2020 0:00,290,1044,5,1339
9/12/2020 0:00,298,878,18,1194
9/13/2020 0:00,114,1037,12,1163
9/14/2020 0:00,108,856,37,1001
9/16/2020 0:00,534,2180,16,2730
9/17/2020 0:00,315,1655,9,1979
9/18/2020 0:00,363,1857,48,2268
9/19/2020 0:00,206,1200,21,1427
9/20/2020 0:00,164,2046,7,2217
9/21/2020 0:00,111,662,1,774
9/22/2020 0:00,284,1384,14,1682
9/23/2020 0:00,264,1627,10,1901
9/24/2020 0:00,501,1691,17,2209
9/25/2020 0:00,301,1689,15,2005
9/26/2020 0:00,235,1717,12,1964
9/27/2020 0:00,164,1043,4,1211
9/28/2020 0:00,120,523,0,643
9/29/2020 0:00,479,1245,96,1820
9/30/2020 0:00,502,1273,67,1842
10/1/2020 0:00,593,1447,29,2069
10/2/2020 0:00,452,1848,52,2352
10/3/2020 0:00,228,1793,4,2025
10/4/2020 0:00,289,1693,4,1986
10/5/2020 0:00,166,823,-14,975
10/6/2020 0:00,298,1608,10,1916
10/7/2020 0:00,364,2204,22,2590
10/8/2020 0:00,331,2298,19,2648
10/9/2020 0:00,384,2959,23,3366
10/10/2020 0:00,400,2542,11,2953
10/11/2020 0:00,206,1620,-4,1822
10/12/2020 0:00,134,1106,3,1243
10/13/2020 0:00,360,2097,28,2485
10/14/2020 0:00,490,2625,29,3144
10/15/2020 0:00,530,2958,61,3549
10/16/2020 0:00,388,2377,53,2818
10/17/2020 0:00,266,985,18,1269
10/18/2020 0:00,270,1409,3,1682
10/19/2020 0:00,44,312,0,356
10/20/2020 0:00,1061,2294,55,3410
10/21/2020 0:00,907,2640,40,3587
10/22/2020 0:00,726,1561,11,2298
10/23/2020 0:00,625,3326,17,3968
10/24/2020 0:00,416,1702,12,2130
10/25/2020 0:00,404,1624,0,2028
10/26/2020 0:00,214,986,1,1201
10/27/2020 0:00,409,1362,13,1784
10/28/2020 0:00,444,1566,9,2019
10/29/2020 0:00,433,1550,13,1996
10/30/2020 0:00,285,1180,2,1467
10/31/2020 0:00,286,1665,19,1970
11/1/2020 0:00,245,749,-1,993
11/2/2020 0:00,226,928,6,1160
11/3/2020 0:00,746,3212,29,3987
11/4/2020 0:00,484,2114,4,2602
11/5/2020 0:00,902,3579,22,4503
11/6/2020 0:00,413,2205,13,2631
11/7/2020 0:00,699,2330,6,3035
11/8/2020 0:00,726,2921,13,3660
11/9/2020 0:00,179,636,4,819
11/10/2020 0:00,867,3159,18,4044
11/11/2020 0:00,1098,3803,14,4915
11/12/2020 0:00,699,2306,20,3025
11/13/2020 0:00,991,3670,20,4681
11/14/2020 0:00,563,2132,0,2695
11/15/2020 0:00,703,2608,4,3315
11/16/2020 0:00,583,1164,5,1752
11/17/2020 0:00,1022,2956,39,4017
11/18/2020 0:00,1423,3403,21,4847
11/19/2020 0:00,1020,2929,14,3963
11/20/2020 0:00,932,3188,11,4131
11/21/2020 0:00,1296,3559,9,4864
11/22/2020 0:00,896,1940,0,2836
11/23/2020 0:00,767,1958,11,2736
11/24/2020 0:00,1305,3352,20,4677
11/25/2020 0:00,1497,4170,31,5698
11/26/2020 0:00,1143,3244,37,4424
11/27/2020 0:00,1082,4844,32,5958
11/28/2020 0:00,1099,3961,36,5096
11/29/2020 0:00,962,3412,12,4386
11/30/2020 0:00,787,2174,15,2976
12/1/2020 0:00,1593,4943,57,6593
12/2/2020 0:00,1843,5444,32,7319
12/3/2020 0:00,797,3073,25,3895
12/4/2020 0:00,1627,5369,49,7045
12/5/2020 0:00,1588,4978,18,6584
12/6/2020 0:00,788,2346,1,3135
12/7/2020 0:00,419,865,4,1288
12/8/2020 0:00,1369,3499,8,4876
12/9/2020 0:00,1265,3518,15,4798
12/10/2020 0:00,930,3232,-2,4160
12/11/2020 0:00,1946,5314,36,7296
12/12/2020 0:00,1839,5008,38,6885
12/13/2020 0:00,1051,2613,18,3682
12/14/2020 0:00,1595,3940,15,5550
12/15/2020 0:00,851,1871,7,2729
12/16/2020 0:00,1921,4919,64,6904
12/17/2020 0:00,1761,4469,16,6246
12/18/2020 0:00,1657,4370,31,6058
12/19/2020 0:00,1996,4437,16,6449
12/20/2020 0:00,1212,2261,7,3480
12/21/2020 0:00,753,1594,11,2358
12/22/2020 0:00,1237,2817,26,4080
12/23/2020 0:00,2126,5949,31,8106
12/24/2020 0:00,1554,3916,17,5487
12/25/2020 0:00,1470,3531,21,5022
12/26/2020 0:00,896,2516,18,3430
12/27/2020 0:00,1026,2844,17,3887
12/28/2020 0:00,591,1628,18,2237
12/29/2020 0:00,1369,3860,15,5244
12/30/2020 0:00,2218,5605,17,7840
12/31/2020 0:00,2142,5572,22,7736
1/1/2021 0:00,2067,9091,18,11176
1/2/2021 0:00,421,1154,2,1577
1/3/2021 0:00,1434,2855,7,4296
1/4/2021 0:00,620,1079,8,1707
1/5/2021 0:00,2145,4186,18,6349
1/6/2021 0:00,2472,4888,19,7379
1/7/2021 0:00,2618,5067,7,7692
1/8/2021 0:00,2463,4939,15,7417
1/9/2021 0:00,2289,4772,19,7080
1/10/2021 0:00,1513,2967,26,4506
1/11/2021 0:00,899,1553,5,2457
1/12/2021 0:00,2301,4662,18,6981
1/13/2021 0:00,3360,5134,17,8511
1/14/2021 0:00,3358,6405,18,9781
1/15/2021 0:00,2236,5082,26,7344
1/16/2021 0:00,2668,5418,8,8094
1/17/2021 0:00,2014,3551,10,5575
1/18/2021 0:00,860,1281,5,2146
1/19/2021 0:00,3739,6342,33,10114
1/20/2021 0:00,2784,6374,21,9179
1/21/2021 0:00,3304,5891,90,9285
1/22/2021 0:00,3484,5502,41,9027
1/23/2021 0:00,2720,4348,25,7093
1/24/2021 0:00,2039,3126,11,5176
1/25/2021 0:00,1137,1835,11,2983
1/26/2021 0:00,3212,4581,29,7822
1/27/2021 0:00,3028,5613,27,8668
1/28/2021 0:00,3351,5668,75,9094
1/29/2021 0:00,3735,5522,74,9331
1/30/2021 0:00,2877,5137,19,8033
1/31/2021 0:00,1901,3276,22,5199
2/1/2021 0:00,1087,1565,7,2659
2/2/2021 0:00,3375,6044,49,9468
2/3/2021 0:00,3480,5984,42,9506
2/4/2021 0:00,2538,5088,20,7646
2/5/2021 0:00,3245,5850,35,9130
2/6/2021 0:00,3822,6802,70,10694
2/7/2021 0:00,1561,3234,-27,4768
2/8/2021 0:00,943,1748,5,2696
2/9/2021 0:00,2921,4628,82,7631
2/10/2021 0:00,3434,6568,75,10077
2/11/2021 0:00,3802,6926,32,10760
2/12/2021 0:00,3448,6516,46,10010
2/13/2021 0:00,1250,2332,1,3583
2/14/2021 0:00,1599,2592,6,4197
2/15/2021 0:00,596,826,9,1431
2/16/2021 0:00,1739,2989,14,4742
2/17/2021 0:00,579,1163,3,1745
2/18/2021 0:00,309,640,3,952
2/19/2021 0:00,3152,6965,58,10175
2/20/2021 0:00,3327,6042,62,9431
2/21/2021 0:00,2628,3902,19,6549
2/22/2021 0:00,1234,1997,11,3242
2/24/2021 0:00,7117,10957,70,18144
2/25/2021 0:00,3101,5305,42,8448
2/26/2021 0:00,3223,6147,39,9409
2/27/2021 0:00,3044,5036,30,8110
2/28/2021 0:00,1801,3483,13,5297
3/1/2021 0:00,2071,3334,20,5425
3/2/2021 0:00,1732,3080,21,4833
3/3/2021 0:00,3066,5246,28,8340
3/4/2021 0:00,2925,6222,56,9203
3/5/2021 0:00,3083,5123,34,8240
3/6/2021 0:00,2723,4835,35,7593
3/7/2021 0:00,1857,2968,17,4842
3/8/2021 0:00,750,1429,2,2181
3/9/2021 0:00,3072,4424,19,7515
3/10/2021 0:00,2661,5116,24,7801
3/11/2021 0:00,2937,4947,49,7933
3/12/2021 0:00,1106,2029,7,3142
3/13/2021 0:00,2805,4536,35,7376
3/14/2021 0:00,1680,3333,7,5020
3/15/2021 0:00,989,1859,11,2859
3/16/2021 0:00,2519,4990,27,7536
3/17/2021 0:00,3120,5979,52,9151
3/18/2021 0:00,3215,6239,67,9521
3/19/2021 0:00,2974,6204,86,9264
3/20/2021 0:00,2552,5311,67,7930
3/21/2021 0:00,1633,3045,24,4702
3/22/2021 0:00,532,1219,3,1754
3/23/2021 0:00,2715,5001,69,7785
3/24/2021 0:00,3497,6228,56,9781
3/25/2021 0:00,1756,3710,16,5482
3/26/2021 0:00,2123,5120,14,7257
3/27/2021 0:00,1777,4106,29,5912
3/28/2021 0:00,1494,2742,11,4247
3/29/2021 0:00,1426,2770,24,4220
3/30/2021 0:00,1252,2871,28,4151
3/31/2021 0:00,2606,6758,26,9390
4/1/2021 0:00,2461,5731,31,8223
4/2/2021 0:00,1708,3681,25,5414
4/3/2021 0:00,746,1951,3,2700
4/4/2021 0:00,991,2272,5,3268
4/5/2021 0:00,475,1129,4,1608
4/6/2021 0:00,2004,4760,12,6776
4/7/2021 0:00,2308,5943,32,8283
4/8/2021 0:00,1954,4167,10,6131
4/9/2021 0:00,1521,4506,12,6039
4/10/2021 0:00,1704,4053,16,5773
4/11/2021 0:00,1221,2516,13,3750
4/12/2021 0:00,759,1993,8,2760
4/13/2021 0:00,1733,3682,30,5445
4/14/2021 0:00,2199,4983,92,7274
4/15/2021 0:00,2729,4796,-13,7512
4/16/2021 0:00,2080,4480,6,6566
4/17/2021 0:00,2129,3645,13,5787
4/18/2021 0:00,1423,2432,11,3866
4/19/2021 0:00,577,942,4,1523
4/20/2021 0:00,2370,3775,15,6160
4/21/2021 0:00,2613,4163,11,6787
4/22/2021 0:00,2385,4158,18,6561
4/23/2021 0:00,2195,3911,14,6120
4/24/2021 0:00,1985,3391,11,5387
4/25/2021 0:00,1279,2862,13,4154
4/26/2021 0:00,587,999,2,1588
4/27/2021 0:00,2515,4003,20,6538
4/28/2021 0:00,2380,4079,9,6468
4/29/2021 0:00,1818,3803,14,5635
4/30/2021 0:00,1826,3683,19,5528
5/1/2021 0:00,1817,4300,12,6129
5/2/2021 0:00,656,1073,0,1729
5/3/2021 0:00,768,1478,7,2253
5/4/2021 0:00,1209,2722,6,3937
5/5/2021 0:00,1802,3589,14,5405
5/6/2021 0:00,1654,4060,31,5745
5/7/2021 0:00,1391,3467,13,4871
5/8/2021 0:00,1708,3242,19,4969
5/9/2021 0:00,988,1825,11,2824
5/10/2021 0:00,473,608,1,1082
5/11/2021 0:00,1812,3455,11,5278
5/12/2021 0:00,1742,2989,-1,4730
5/13/2021 0:00,967,2195,8,3170
5/14/2021 0:00,129,475,0,604
5/15/2021 0:00,288,1083,0,1371
5/16/2021 0:00,636,1787,4,2427
5/17/2021 0:00,597,1093,4,1694
5/18/2021 0:00,1242,3144,7,4393
5/19/2021 0:00,1502,3483,28,5013
5/20/2021 0:00,2276,3968,10,6254
5/21/2021 0:00,2061,3747,15,5823
5/22/2021 0:00,1957,3427,1,5385
5/23/2021 0:00,1154,2567,23,3744
5/24/2021 0:00,686,1505,8,2199
5/25/2021 0:00,2391,4088,11,6490
5/26/2021 0:00,2550,4239,7,6796
5/27/2021 0:00,847,1026,4,1877
5/28/2021 0:00,2529,4075,13,6617
5/29/2021 0:00,2154,3240,0,5394
5/30/2021 0:00,1528,2521,9,4058
5/31/2021 0:00,608,1305,4,1917
6/1/2021 0:00,1838,3305,26,5169
6/2/2021 0:00,950,1323,0,2273
6/3/2021 0:00,2683,4223,49,6955
6/4/2021 0:00,3794,4960,22,8776
6/5/2021 0:00,2144,3383,16,5543
6/6/2021 0:00,1160,2068,5,3233
6/7/2021 0:00,951,1583,4,2538
6/8/2021 0:00,2362,4192,13,6567
6/9/2021 0:00,2669,4450,9,7128
6/10/2021 0:00,2848,4070,12,6930
6/11/2021 0:00,3352,4458,27,7837
6/12/2021 0:00,3502,4676,-8,8170
6/13/2021 0:00,1643,2130,11,3784
6/14/2021 0:00,1552,1951,2,3505
6/15/2021 0:00,4613,5686,25,10324
6/16/2021 0:00,4492,5021,18,9531
6/17/2021 0:00,5172,5073,34,10279
6/18/2021 0:00,5633,4893,38,10564
6/19/2021 0:00,4200,3948,31,8179
6/20/2021 0:00,4261,3471,10,7742
6/21/2021 0:00,1897,1707,3,3607
6/22/2021 0:00,5201,4580,9,9790
6/23/2021 0:00,6491,6289,26,12806
6/24/2021 0:00,5788,5401,72,11261
6/25/2021 0:00,6294,5713,10,12017
6/26/2021 0:00,5498,4993,34,10525
6/27/2021 0:00,4220,3505,35,7760
6/28/2021 0:00,3774,2777,114,6665
6/29/2021 0:00,6826,4872,17,11715
6/30/2021 0:00,8894,6506,102,15502
7/1/2021 0:00,7443,6617,26,14086
7/2/2021 0:00,8039,6363,60,14462
7/3/2021 0:00,9247,7821,38,17106
7/4/2021 0:00,7168,6034,17,13219
7/5/2021 0:00,2701,1875,13,4589
7/6/2021 0:00,8638,6287,98,15023
7/7/2021 0:00,11580,9731,41,21352
7/8/2021 0:00,11122,8795,45,19962
7/9/2021 0:00,12974,9677,99,22750
7/10/2021 0:00,13673,10429,77,24179
7/11/2021 0:00,9608,7442,57,17107
7/12/2021 0:00,5227,4256,48,9531
7/13/2021 0:00,11310,10191,47,21548
7/14/2021 0:00,12974,11996,92,25062
7/15/2021 0:00,12189,12883,55,25127
7/16/2021 0:00,13474,15274,99,28847
7/17/2021 0:00,11542,12692,74,24308
7/18/2021 0:00,9316,11324,78,20718
7/19/2021 0:00,4321,5206,46,9573
7/20/2021 0:00,10486,12099,112,22697
7/21/2021 0:00,3216,4578,28,7822
7/22/2021 0:00,10004,11489,48,21541
7/23/2021 0:00,10398,11914,65,22377
7/24/2021 0:00,8963,11159,62,20184
7/25/2021 0:00,8557,10947,53,19557
7/26/2021 0:00,1918,3217,5,5140
7/27/2021 0:00,7201,8422,45,15668
7/28/2021 0:00,9566,11162,102,20830
7/29/2021 0:00,8080,10328,77,18485
7/30/2021 0:00,8015,11589,66,19670
7/31/2021 0:00,7120,9658,92,16870
8/1/2021 0:00,5838,8339,59,14236
8/2/2021 0:00,1980,4092,4,6076
8/3/2021 0:00,5568,8587,103,14258
8/4/2021 0:00,6168,10855,76,17099
8/5/2021 0:00,6112,9873,57,16042
8/6/2021 0:00,4389,10186,25,14600
8/7/2021 0:00,4755,10290,36,15081
8/8/2021 0:00,2951,7911,26,10888
8/9/2021 0:00,1248,4126,7,5381
8/10/2021 0:00,3395,7281,47,10723
8/11/2021 0:00,3958,8595,36,12589
8/12/2021 0:00,1181,3830,10,5021
8/13/2021 0:00,2943,6605,21,9569
8/14/2021 0:00,3104,8989,22,12115
8/15/2021 0:00,1911,6451,29,8391
8/16/2021 0:00,406,2763,2,3171
8/17/2021 0:00,2754,7416,19,10189
8/18/2021 0:00,736,3067,1,3804
8/19/2021 0:00,2548,7335,23,9906
8/20/2021 0:00,2971,8064,4,11039
8/21/2021 0:00,2427,8030,10,10467
8/22/2021 0:00,1792,7893,29,9714
8/23/2021 0:00,588,3707,26,4321
8/24/2021 0:00,2074,7752,91,9917
8/25/2021 0:00,1899,7844,22,9765
8/26/2021 0:00,2003,7542,13,9558
8/27/2021 0:00,1384,7381,10,8775
8/28/2021 0:00,1558,9716,13,11287
8/29/2021 0:00,542,4606,2,5150
8/30/2021 0:00,476,4814,2,5292
8/31/2021 0:00,1548,8354,8,9910
9/1/2021 0:00,1558,8770,12,10340
9/2/2021 0:00,1091,7065,5,8161
9/3/2021 0:00,917,7291,-1,8207
9/4/2021 0:00,907,8229,6,9142
9/5/2021 0:00,536,6445,7,6988
9/6/2021 0:00,189,4081,-2,4268
9/7/2021 0:00,764,7102,5,7871
9/8/2021 0:00,811,7159,1,7971
9/9/2021 0:00,810,6911,12,7733
9/10/2021 0:00,648,7393,6,8047
9/11/2021 0:00,703,8016,4,8723
9/12/2021 0:00,356,8136,7,8499
9/13/2021 0:00,105,4645,1,4751
9/14/2021 0:00,427,7077,4,7508
9/15/2021 0:00,367,7867,5,8239
9/16/2021 0:00,389,7304,3,7696
9/17/2021 0:00,339,6983,2,7324
9/18/2021 0:00,520,7497,5,8022
9/19/2021 0:00,262,7541,3,7806
9/20/2021 0:00,87,4785,5,4877
9/21/2021 0:00,279,7297,1,7577
9/22/2021 0:00,242,7591,7,7840
9/23/2021 0:00,210,6245,3,6458
9/24/2021 0:00,241,6722,4,6967
9/25/2021 0:00,250,7224,7,7481
9/26/2021 0:00,140,6837,1,6978
9/27/2021 0:00,84,3822,0,3906
9/28/2021 0:00,209,6562,0,6771
9/29/2021 0:00,24,7786,3,7813
9/30/2021 0:00,188,6612,4,6804
10/1/2021 0:00,353,5891,2,6246
10/2/2021 0:00,260,6332,2,6594
10/3/2021 0:00,111,5985,2,6098
10/4/2021 0:00,-202,4796,0,4594
10/5/2021 0:00,139,6928,0,7067
10/6/2021 0:00,121,7002,1,7124
10/7/2021 0:00,140,6877,0,7017
10/8/2021 0:00,132,7371,3,7506
10/9/2021 0:00,98,5859,2,5959
10/10/2021 0:00,77,6722,1,6800
10/11/2021 0:00,32,3667,1,3700
10/12/2021 0:00,97,6804,0,6901
10/13/2021 0:00,106,7259,2,7367
10/14/2021 0:00,80,6207,0,6287
10/15/2021 0:00,109,7259,0,7368
10/16/2021 0:00,99,7527,0,7626
10/17/2021 0:00,51,6898,5,6954
10/18/2021 0:00,54,4888,1,4943
10/19/2021 0:00,124,14793,3,14920
10/20/2021 0:00,482,11572,-1,12053
10/21/2021 0:00,48,6511,1,6560
10/22/2021 0:00,67,8150,3,8220
10/23/2021 0:00,101,10108,1,10210
10/24/2021 0:00,70,9783,0,9853
10/25/2021 0:00,53,7128,2,7183
10/26/2021 0:00,94,9317,2,9413
10/27/2021 0:00,65,8941,1,9007
10/28/2021 0:00,111,9786,1,9898
10/29/2021 0:00,218,9163,3,9384
10/30/2021 0:00,125,8271,1,8397
10/31/2021 0:00,101,10543,9,10653
11/1/2021 0:00,256,12911,0,13167
11/2/2021 0:00,71,8990,2,9063
11/3/2021 0:00,126,10832,6,10964
11/4/2021 0:00,220,7801,6,8027
11/5/2021 0:00,106,7134,2,7242
11/6/2021 0:00,79,5890,1,5970
11/7/2021 0:00,69,5250,1,5320
11/8/2021 0:00,59,5214,1,5274
11/9/2021 0:00,79,6973,2,7054
11/10/2021 0:00,78,7694,2,7774
11/11/2021 0:00,49,6317,-2,6364
11/12/2021 0:00,51,4544,1,4596
11/13/2021 0:00,-262,5558,0,5296
11/14/2021 0:00,52,5252,1,5305
11/15/2021 0:00,18,3465,1,3484
11/16/2021 0:00,96,6739,0,6835
11/17/2021 0:00,149,7431,0,7580
11/18/2021 0:00,104,7224,7,7335
11/19/2021 0:00,55,5916,1,5972
11/20/2021 0:00,72,6610,3,6685
11/21/2021 0:00,35,5130,1,5166
11/22/2021 0:00,11,3564,1,3576
11/23/2021 0:00,102,6356,1,6459
11/24/2021 0:00,67,6113,0,6180
11/25/2021 0:00,54,5563,0,5617
11/26/2021 0:00,87,8074,2,8163
11/27/2021 0:00,61,6101,0,6162
11/28/2021 0:00,54,5140,-1,5193
11/29/2021 0:00,17,3371,0,3388
11/30/2021 0:00,68,5456,2,5526
12/1/2021 0:00,61,6798,1,6860
12/2/2021 0:00,60,5457,0,5517
12/3/2021 0:00,78,5275,2,5355
12/4/2021 0:00,72,6637,1,6710
12/5/2021 0:00,32,4643,0,4675
12/6/2021 0:00,16,4002,0,4018
12/7/2021 0:00,60,5443,0,5503
12/8/2021 0:00,55,5160,0,5215
12/9/2021 0:00,79,5603,1,5683
12/10/2021 0:00,47,5780,0,5827
12/11/2021 0:00,58,5423,1,5482
12/12/2021 0:00,27,4998,1,5026
12/13/2021 0:00,20,3224,0,3244
12/14/2021 0:00,38,5861,2,5901
12/15/2021 0:00,55,5878,1,5934
12/16/2021 0:00,49,7914,1,7964
12/17/2021 0:00,28,4343,0,4371
12/18/2021 0:00,41,5982,2,6025
12/19/2021 0:00,52,7261,2,7315
12/20/2021 0:00,27,4546,0,4573
12/21/2021 0:00,28,6539,1,6568
12/22/2021 0:00,45,6455,-1,6499
12/23/2021 0:00,30,8665,2,8697
12/24/2021 0:00,11,6018,1,6030
12/25/2021 0:00,36,6296,2,6334
12/26/2021 0:00,28,4410,-2,4436
12/27/2021 0:00,14,2435,1,2450
12/28/2021 0:00,37,6432,-1,6468
12/29/2021 0:00,44,5834,1,5879
12/30/2021 0:00,36,5244,1,5281
12/31/2021 0:00,16,3426,1,3443
1/1/2022 0:00,30,4092,1,4123
1/2/2022 0:00,17,2776,0,2793
1/3/2022 0:00,46,3579,1,3626
1/4/2022 0:00,38,5610,0,5648
1/5/2022 0:00,33,6495,1,6529
1/6/2022 0:00,66,4795,0,4861
1/7/2022 0:00,46,4888,2,4936
1/10/2022 0:00,267,13169,6,13442
1/11/2022 0:00,88,4544,0,4632
1/12/2022 0:00,79,3910,1,3990
1/13/2022 0:00,109,5421,0,5530
1/14/2022 0:00,194,4831,2,5027
1/15/2022 0:00,156,5094,3,5253
1/16/2022 0:00,149,4670,2,4821
1/17/2022 0:00,108,3539,1,3648
1/18/2022 0:00,526,4881,3,5410
1/19/2022 0:00,54,6384,4,6442
1/20/2022 0:00,303,4705,0,5008
1/21/2022 0:00,419,5734,2,6155
1/22/2022 0:00,487,6517,1,7005
1/23/2022 0:00,558,5575,0,6133
1/24/2022 0:00,309,3978,0,4287
1/25/2022 0:00,876,7902,8,8786
1/26/2022 0:00,1336,8486,6,9828
1/27/2022 0:00,1474,8585,2,10061
1/28/2022 0:00,2221,10590,16,12827
1/29/2022 0:00,2504,12192,15,14711
1/30/2022 0:00,2311,10055,3,12369
1/31/2022 0:00,1526,4343,0,5869
2/1/2022 0:00,3750,11445,4,15199
2/2/2022 0:00,3767,12588,9,16364
2/3/2022 0:00,7463,14201,14,21678
2/4/2022 0:00,6420,15110,9,21539
2/5/2022 0:00,7090,15233,13,22336
2/6/2022 0:00,6485,12776,18,19279
2/7/2022 0:00,5551,11700,1,17252
2/8/2022 0:00,10849,17278,10,28137
2/9/2022 0:00,10745,15850,29,26624
2/10/2022 0:00,9964,15017,7,24988
2/11/2022 0:00,9004,11969,17,20990
2/12/2022 0:00,13828,18773,26,32627
2/13/2022 0:00,8331,12221,23,20575
2/14/2022 0:00,10586,12866,10,23462
2/15/2022 0:00,11595,15831,20,27446
2/16/2022 0:00,14523,17068,15,31606
2/17/2022 0:00,14661,17694,25,32380
2/18/2022 0:00,11917,16392,31,28340
2/19/2022 0:00,11347,14356,22,25725
2/20/2022 0:00,9521,16099,14,25634
2/21/2022 0:00,7893,12339,7,20239
2/22/2022 0:00,12980,18493,19,31492
2/23/2022 0:00,9790,14414,23,24227
2/24/2022 0:00,11494,17817,25,29336
2/25/2022 0:00,9453,14322,27,23802
2/26/2022 0:00,7836,13145,27,21008
2/27/2022 0:00,5834,11528,18,17380
2/28/2022 0:00,3958,9147,4,13109
3/1/2022 0:00,5751,11012,8,16771
3/2/2022 0:00,8906,15216,23,24145
3/3/2022 0:00,6471,11257,22,17750
3/4/2022 0:00,5750,9951,14,15715
3/5/2022 0:00,6445,10668,25,17138
3/6/2022 0:00,4866,9652,22,14540
3/7/2022 0:00,5631,8538,9,14178
3/8/2022 0:00,7187,11609,36,18832
3/9/2022 0:00,5442,9593,56,15091
3/10/2022 0:00,4920,8282,22,13224
3/11/2022 0:00,4429,6907,38,11374
3/12/2022 0:00,3298,6710,35,10043
3/13/2022 0:00,2388,5114,11,7513
3/14/2022 0:00,2598,6376,14,8988
3/15/2022 0:00,3503,7275,14,10792
3/16/2022 0:00,3044,6994,24,10062
3/17/2022 0:00,2318,6557,18,8893
3/18/2022 0:00,2506,5924,10,8440
3/19/2022 0:00,1866,4879,10,6755
3/20/2022 0:00,1305,4382,2,5689
3/21/2022 0:00,1257,3830,4,5091
3/22/2022 0:00,1866,5841,7,7714
3/23/2022 0:00,1578,5786,17,7381
3/24/2022 0:00,1360,4616,11,5987
3/25/2022 0:00,1107,4465,10,5582
3/26/2022 0:00,1071,4452,6,5529
3/27/2022 0:00,662,3365,2,4029
3/28/2022 0:00,835,3678,7,4520
3/29/2022 0:00,981,3839,8,4828
3/30/2022 0:00,1029,4682,8,5719
3/31/2022 0:00,666,3078,6,3750
4/1/2022 0:00,601,3288,3,3892
4/2/2022 0:00,569,2994,10,3573
4/3/2022 0:00,282,2562,0,2844
4/4/2022 0:00,452,2985,1,3438
4/5/2022 0:00,457,2948,3,3408
4/6/2022 0:00,379,2936,4,3319
4/7/2022 0:00,486,3587,0,4073
4/8/2022 0:00,294,2490,1,2785
4/9/2022 0:00,332,2873,3,3208
4/10/2022 0:00,161,1918,1,2080
4/11/2022 0:00,317,2667,0,2984
4/12/2022 0:00,335,3278,1,3614
4/13/2022 0:00,264,3585,3,3852
4/14/2022 0:00,210,3243,0,3453
4/15/2022 0:00,182,2665,0,2847
4/16/2022 0:00,127,3703,0,3830
4/17/2022 0:00,99,2603,1,2703
4/18/2022 0:00,222,3211,0,3433
4/19/2022 0:00,152,2559,2,2713
4/20/2022 0:00,169,3554,0,3723
4/21/2022 0:00,163,2664,1,2828
4/22/2022 0:00,110,2762,0,2872
4/23/2022 0:00,81,2021,0,2102
4/24/2022 0:00,53,2489,0,2542
4/25/2022 0:00,61,2441,1,2503
4/26/2022 0:00,99,2888,0,2987
4/27/2022 0:00,74,2477,3,2554
4/28/2022 0:00,77,2331,0,2408
4/29/2022 0:00,51,1608,0,1659
4/30/2022 0:00,54,1510,1,1565
5/1/2022 0:00,45,1257,0,1302
5/2/2022 0:00,20,839,0,859
5/3/2022 0:00,25,1053,0,1078
5/4/2022 0:00,30,1289,1,1320
5/5/2022 0:00,43,2215,0,2258
5/6/2022 0:00,28,1904,0,1932
5/7/2022 0:00,31,2417,0,2448
5/8/2022 0:00,35,3637,0,3672
5/9/2022 0:00,57,4198,0,4255
5/10/2022 0:00,82,4992,0,5074
5/11/2022 0:00,41,2075,1,2117
5/12/2022 0:00,62,2542,0,2604
5/13/2022 0:00,46,2809,0,2855
5/14/2022 0:00,35,2555,0,2590
5/15/2022 0:00,24,2354,0,2378
5/16/2022 0:00,15,1748,0,1763
5/17/2022 0:00,51,3291,0,3342
5/18/2022 0:00,56,2644,0,2700
5/19/2022 0:00,44,2508,0,2552
5/20/2022 0:00,26,1784,0,1810
5/21/2022 0:00,29,1652,0,1681
5/22/2022 0:00,25,1253,0,1278
5/23/2022 0:00,39,2018,0,2057
5/24/2022 0:00,53,2698,1,2752
5/25/2022 0:00,40,2889,1,2930
5/26/2022 0:00,20,2378,0,2398
5/27/2022 0:00,45,2125,0,2170
5/28/2022 0:00,43,1455,2,1500
5/29/2022 0:00,35,1394,0,1429
5/30/2022 0:00,47,1852,0,1899
5/31/2022 0:00,59,2372,0,2431
6/1/2022 0:00,38,1590,0,1628
6/2/2022 0:00,42,2143,0,2185
6/3/2022 0:00,50,2548,1,2599
6/4/2022 0:00,54,2928,0,2982
6/5/2022 0:00,43,1032,0,1075
6/6/2022 0:00,56,2158,0,2214
6/7/2022 0:00,85,2244,0,2329
6/8/2022 0:00,66,2257,0,2323
6/9/2022 0:00,98,2618,0,2716
6/10/2022 0:00,60,1504,0,1564
6/11/2022 0:00,85,2453,0,2538
6/12/2022 0:00,52,2294,0,2346
6/13/2022 0:00,62,3090,1,3153
6/14/2022 0:00,160,3434,1,3595
6/15/2022 0:00,178,3576,6,3760
6/16/2022 0:00,118,3131,0,3249
6/17/2022 0:00,172,2713,0,2885
6/18/2022 0:00,172,2254,0,2426
6/19/2022 0:00,117,1578,2,1697
6/20/2022 0:00,145,1844,0,1989
6/21/2022 0:00,262,3069,0,3331
6/22/2022 0:00,292,3621,1,3914
6/23/2022 0:00,328,3115,2,3445
6/24/2022 0:00,268,3057,5,3330
6/25/2022 0:00,203,1866,0,2069
6/26/2022 0:00,248,1710,1,1959
6/27/2022 0:00,235,2825,0,3060
6/28/2022 0:00,331,3338,0,3669
6/29/2022 0:00,419,4180,4,4603
6/30/2022 0:00,265,2724,1,2990
7/1/2022 0:00,344,2598,1,2943
7/2/2022 0:00,408,2513,1,2922
7/3/2022 0:00,189,1340,3,1532
7/4/2022 0:00,327,1981,0,2308
7/5/2022 0:00,402,2631,0,3033
7/6/2022 0:00,461,2682,1,3144
7/7/2022 0:00,699,2780,1,3480
7/8/2022 0:00,401,2009,4,2414
7/9/2022 0:00,227,950,1,1178
7/10/2022 0:00,374,1524,0,1898
7/11/2022 0:00,350,2107,0,2457
7/12/2022 0:00,581,2737,1,3319
7/13/2022 0:00,577,3008,0,3585
7/14/2022 0:00,458,2383,0,2841
7/15/2022 0:00,923,3365,2,4290
7/16/2022 0:00,413,1856,1,2270
7/17/2022 0:00,511,2946,1,3458
7/18/2022 0:00,529,2130,1,2660
7/19/2022 0:00,1131,3695,1,4827
7/20/2022 0:00,710,2658,0,3368
7/21/2022 0:00,666,3154,2,3822
7/22/2022 0:00,1117,3800,2,4919
7/23/2022 0:00,611,1833,1,2445
7/24/2022 0:00,570,2074,4,2648
7/25/2022 0:00,588,2014,0,2602
7/26/2022 0:00,1229,4834,4,6067
7/27/2022 0:00,1242,4196,1,5439
7/28/2022 0:00,785,2955,1,3741
7/29/2022 0:00,1413,5339,6,6758
7/30/2022 0:00,494,2147,3,2644
7/31/2022 0:00,616,1655,1,2272
8/1/2022 0:00,875,2688,1,3564
8/2/2022 0:00,1723,4129,3,5855
8/3/2022 0:00,956,2182,3,3141
8/4/2022 0:00,1413,3947,4,5364
8/5/2022 0:00,1356,4511,2,5869
8/6/2022 0:00,840,2386,0,3226
8/7/2022 0:00,918,2668,1,3587
8/8/2022 0:00,716,2082,1,2799
8/9/2022 0:00,1503,4408,11,5922
8/10/2022 0:00,1451,3874,1,5326
8/11/2022 0:00,1449,4413,0,5862
8/12/2022 0:00,1228,3588,0,4816
8/13/2022 0:00,1143,2879,6,4028
8/14/2022 0:00,597,1546,1,2144
8/15/2022 0:00,477,1503,0,1980
8/16/2022 0:00,1247,3154,3,4404
8/17/2022 0:00,1168,3403,0,4571
8/18/2022 0:00,747,2640,1,3388
8/19/2022 0:00,911,2707,1,3619
8/20/2022 0:00,930,2568,0,3498
8/21/2022 0:00,662,2105,1,2768
8/22/2022 0:00,858,2478,3,3339
8/23/2022 0:00,945,3295,4,4244
8/24/2022 0:00,1415,4354,1,5770
8/25/2022 0:00,924,3543,1,4468
8/26/2022 0:00,819,3090,0,3909
8/27/2022 0:00,553,2263,1,2817
8/28/2022 0:00,665,2566,5,3236
8/29/2022 0:00,760,2246,0,3006
8/30/2022 0:00,1411,3571,5,4987
8/31/2022 0:00,979,3088,1,4068
9/1/2022 0:00,557,2329,1,2887
9/2/2022 0:00,780,3014,2,3796
9/3/2022 0:00,685,2176,2,2863
9/4/2022 0:00,250,1005,0,1255
9/5/2022 0:00,578,2800,3,3381
9/6/2022 0:00,639,2179,0,2818
9/7/2022 0:00,716,2597,1,3314
9/8/2022 0:00,473,2111,0,2584
9/9/2022 0:00,481,1833,0,2314
9/10/2022 0:00,429,1725,1,2155
9/11/2022 0:00,380,1382,2,1764
9/12/2022 0:00,314,1258,2,1574
9/13/2022 0:00,562,2100,0,2662
